wcd-8466	Tp57577_TGAC_v2_mRNA3036.exon6.gene2951	97.319	373	9	1	1	373	999	372	1	475	1.26e-180	632	37	37
wcd-7834	Tp57577_TGAC_v2_mRNA12970.exon3.gene12562	92.000	450	34	2	418	867	999	1	448	472	4.55e-180	630	45	45
wcd-7404	Tp57577_TGAC_v2_mRNA22327.exon1.gene21589	95.349	129	6	0	871	999	999	550	422	550	3.27e-52	206	13	13
wcd-42747	Tp57577_TGAC_v2_mRNA26352.exon1.gene25485	94.316	563	21	4	403	965	999	639	88	639	0.0	852	56	56
wcd-41619	Tp57577_TGAC_v2_mRNA10895.exon4.gene10542	96.035	227	9	0	479	705	999	227	1	227	1.09e-101	370	23	23
wcd-3612	Tp57577_TGAC_v2_mRNA13531.exon1.gene13095	96.070	458	13	3	31	483	999	135	592	592	0.0	741	45	45
wcd-1589	Tp57577_TGAC_v2_mRNA9035.exon4.gene8741	97.568	329	5	2	200	528	999	326	1	326	6.05e-159	560	33	33
wcd-13378	Tp57577_TGAC_v2_mRNA39072.exon1.gene37796	90.845	710	38	12	23	729	999	313	998	998	0.0	929	71	71
wcc-26375	Tp57577_TGAC_v2_mRNA27039.exon1.gene26146	95.929	1007	30	9	1	999	999	1505	502	1625	0.0	1624	100	100
wcc-14061	Tp57577_TGAC_v2_mRNA17836.exon6.gene17237	96.082	485	19	0	180	664	999	1	485	485	0.0	800	49	49
